76.0
59.0
41.0
41.0
59.0
48.0
48.0
86.0
55.0
55.0
48.0
52.0
62.0
93.0
69.0
55.0
76.0
55.0
41.0
31.0
59.0
45.0
35.0
28.0
35.0
35.0
38.0
24.0
35.0
35.0
41.0
114.0
100.0
114.0
66.0
97.0
62.0
73.0
100.0
117.0
138.0
148.0
121.0
110.0
110.0
100.0
86.0
83.0
100.0
100.0
121.0
104.0
83.0
62.0
55.0
93.0
79.0
90.0
86.0
114.0
104.0
100.0
104.0
107.0
97.0
97.0
104.0
128.0
121.0
110.0
107.0
100.0
104.0
117.0
114.0
107.0
104.0
110.0
107.0
107.0
97.0
97.0
104.0
76.0
52.0
48.0
38.0
28.0
21.0
35.0
38.0
35.0
470.0
735.0
815.0
656.0
290.0
725.0
867.0
608.0
770.0
290.0
532.0
597.0
411.0
445.0
159.0
380.0
190.0
218.0
342.0
107.0
48.0
38.0
255.0
186.0
83.0
55.0
48.0
242.0
266.0
83.0
45.0
83.0
293.0
262.0
83.0
62.0
41.0
79.0
48.0
45.0
38.0
117.0
124.0
166.0
200.0
128.0
142.0
166.0
135.0
104.0
86.0
145.0
142.0
76.0
35.0
38.0
138.0
155.0
110.0
97.0
73.0
48.0
62.0
55.0
41.0
86.0
93.0
90.0
83.0
128.0
135.0
79.0
138.0
173.0
152.0
162.0
155.0
121.0
59.0
76.0
148.0
169.0
152.0
138.0
131.0
138.0
97.0
97.0
97.0
93.0
97.0
86.0
114.0
97.0
79.0
66.0
45.0
159.0
180.0
152.0
59.0
90.0
166.0
107.0
97.0
45.0
73.0
131.0
145.0
128.0
114.0
107.0
128.0
142.0
83.0
55.0
117.0
107.0
117.0
59.0
52.0
45.0
48.0
45.0
41.0
55.0
55.0
73.0
79.0
69.0
73.0
79.0
349.0
504.0
663.0
673.0
487.0
501.0
521.0
345.0
463.0
352.0
390.0
331.0
363.0
411.0
304.0
401.0
470.0
287.0
463.0
566.0
376.0
428.0
349.0
359.0
359.0
249.0
359.0
325.0
166.0
86.0
69.0
114.0
421.0
404.0
190.0
76.0
52.0
62.0
401.0
401.0
90.0
62.0
59.0
152.0
387.0
359.0
110.0
62.0
62.0
31.0
387.0
425.0
145.0
79.0
45.0
41.0
48.0
159.0
148.0
162.0
200.0
269.0
145.0
93.0
73.0
48.0
52.0
38.0
28.0
152.0
228.0
414.0
235.0
93.0
107.0
356.0
556.0
497.0
266.0
131.0
66.0
307.0
449.0
321.0
93.0
62.0
62.0
314.0
224.0
104.0
76.0
79.0
173.0
176.0
100.0
124.0
145.0
52.0
159.0
207.0
114.0
55.0
93.0
114.0
86.0
41.0
148.0
176.0
169.0
152.0
145.0
162.0
145.0
76.0
131.0
145.0
76.0
152.0
138.0
155.0
159.0
62.0
62.0
238.0
283.0
93.0
48.0
48.0
45.0
48.0
45.0
45.0
28.0
38.0
35.0
38.0
41.0
66.0
121.0
162.0
169.0
100.0
79.0
169.0
173.0
97.0
135.0
262.0
197.0
86.0
66.0
62.0
41.0
114.0
124.0
90.0
114.0
138.0
55.0
121.0
142.0
131.0
110.0
69.0
114.0
100.0
107.0
107.0
114.0
110.0
73.0
62.0
93.0
97.0
131.0
69.0
159.0
128.0
107.0
69.0
48.0
90.0
117.0
110.0
66.0
52.0
135.0
169.0
200.0
124.0
83.0
66.0
48.0
55.0
73.0
73.0
79.0
79.0
110.0
86.0
45.0
45.0
52.0
55.0
62.0
55.0
48.0
62.0
62.0
41.0
45.0
45.0
45.0
31.0
38.0
35.0
52.0
48.0
52.0
38.0
55.0
31.0
38.0
35.0
38.0
52.0
38.0
45.0
69.0
66.0
45.0
45.0
45.0
48.0
55.0
41.0
1250.0
1889.0
1730.0
1813.0
1775.0
1681.0
1136.0
1112.0
1288.0
1222.0
1191.0
784.0
804.0
701.0
677.0
825.0
687.0
825.0
808.0
836.0
998.0
1063.0
1094.0
1032.0
1008.0
1091.0
1074.0
974.0
725.0
729.0
773.0
811.0
746.0
798.0
977.0
994.0
929.0
808.0
901.0
939.0
794.0
601.0
563.0
615.0
632.0
670.0
625.0
597.0
566.0
618.0
525.0
535.0
587.0
525.0
590.0
608.0
594.0
625.0
663.0
694.0
677.0
200.0
128.0
86.0
66.0
62.0
45.0
41.0
38.0
24.0
45.0
